 2 SYNONYMS, AT LEAST 28 WORDS, DATE > 1700
 LOANWORDS EXCLUDED

 LDND                          ARABI  HEBRE  MALTE  WOLOF  BASQU  ARMEN  WESTE  LATVI  LITHU  SCOTT  IRISH  WELSH  AFRIK  DANIS  DUTCH  ENGLI  FAROE  ICELA  NORWE  GERMA  SWEDI  GREEK  HINDI  MARAT  URDU   PERSI  CATAL  FRENC  GALIC  ITALI  PORTU  ROMAN  SPANI  BELAR  BULGA  CROAT  CZECH  POLIS  RUSSI  SERBI  SLOVA  SLOVE  UKRAI  ESTON  FINNI  HUNGA  TURKI  UYGHU  JAPAN  KOREA  TELUG  TAMIL  CHINE  VIETN  INDON

 ARABIC                         0.00
 HEBREW                        82.35   0.00
 MALTESE                       64.22  86.23   0.00
 WOLOF                        100.23  98.08  98.68   0.00
 BASQUE                       100.76 100.44  99.41  96.62   0.00
 ARMENIAN                      99.00 101.87  99.43  97.41  98.87   0.00
 WESTERN_ARMENIAN             100.46 102.70  98.77 101.05  98.00  55.43   0.00
 LATVIAN                      102.85 101.95 101.43 103.46 100.26  99.24  92.70   0.00
 LITHUANIAN                    99.12  99.55 100.15 102.39  98.79  96.05  95.00  64.95   0.00
 SCOTTISH_GAELIC               99.73 100.50 100.15  97.87  99.05  96.58  98.51  97.58  98.23   0.00
 IRISH                        101.59 101.97 100.73  95.29  99.59  96.70  96.68  97.47  97.58  69.29   0.00
 WELSH                         99.94  96.41  99.54 102.35  98.04  97.77  95.51  96.16  94.64  93.78  90.20   0.00
 AFRIKAANS                     99.79  99.80 101.23 102.04 100.79  95.20  98.05  96.45  94.18  99.28  97.83  93.26   0.00
 DANISH                       100.40  96.90 100.03 101.28 102.96  93.92  96.49  95.69  95.92  96.32  96.06  94.47  71.05   0.00
 DUTCH                         99.47  98.63  99.82 103.13 101.57  95.48  99.06  96.05  93.83  99.13 100.24  93.12  34.10  66.68   0.00
 ENGLISH                       96.52  96.88 101.56  99.25 101.42  97.09  99.28  96.68  95.53  96.66  96.44  91.53  59.39  68.05  61.13   0.00
 FAROESE                      100.21  99.54 100.16 100.13 101.50  99.06  99.67  95.22  97.89  99.41  97.44  93.43  71.05  68.29  70.81  66.71   0.00
 ICELANDIC                    100.10  99.59  99.69 103.11  98.74  96.50  99.07  96.83  97.14  98.15  99.60  95.77  75.45  66.13  72.94  76.79  61.25   0.00
 NORWEGIAN                     98.14  98.35  99.80  97.89 100.95  94.57  97.75  97.11  96.79  96.26  98.65  92.51  66.11  47.34  62.60  62.03  60.55  66.02   0.00
 GERMAN                       101.11  99.59 102.27  99.97 101.54  94.81  96.83  93.66  93.37  96.19  97.75  96.26  59.50  67.52  48.83  67.33  74.06  70.90  64.38   0.00
 SWEDISH                       98.51  98.15 100.19 100.05 100.52  95.22  97.63  96.37  96.59  98.02  99.41  94.04  71.85  52.43  68.10  64.26  67.92  69.82  48.23  69.79   0.00
 GREEK                        100.29  99.68 101.12 100.50  97.52  94.90  95.44  97.73  97.04 100.16  99.85  95.20  95.72  98.29  96.12  96.26 100.36 102.70  98.61  96.75  97.06   0.00
 HINDI                         97.47  96.52 100.83 100.71 102.75  96.42  94.24  95.35  90.35  99.03 100.01  94.28  92.49  91.98  91.22  96.06  96.17  95.51  96.18  93.98  92.46  96.01   0.00
 MARATHI                       98.67  99.09 100.67 100.35 103.49  99.62 100.42  97.88  95.34  99.72 101.30  96.37  94.21  93.08  92.42  95.05  96.74  93.55  94.08  95.24  93.04  99.45  64.72   0.00
 URDU                          92.76  96.55  99.18 104.08 100.92  93.05  89.36  96.05  93.02  97.55  97.83  94.09  91.22  93.07  92.46  95.03  94.61  94.19  94.90  94.01  90.04  94.89  47.72  65.31   0.00
 PERSIAN                       97.69  99.16  98.60  99.79 101.14  98.00  95.97  95.38  93.77  98.50  98.25  97.71  93.60  96.82  92.37  95.34  97.92  98.67  99.73  92.89  98.46  98.91  81.77  91.65  78.87   0.00
 CATALAN                       97.35  95.66  95.00 103.25 101.60  97.07  94.94  95.80  93.33  96.25  95.75  90.30  92.35  89.42  89.69  87.09  94.76  95.45  91.06  88.44  91.78  89.80  89.00  92.46  90.31  92.22   0.00
 FRENCH                        96.78  93.05  97.28  95.35 100.55  95.80  95.73  96.56  94.41  99.26  99.86  89.70  90.90  94.15  92.96  91.35  91.61  92.24  94.31  95.73  94.85  95.36  91.32  96.18  92.49  94.31  75.45   0.00
 GALICIAN                      95.29  97.53  96.95 101.88  98.91  98.58  95.55  95.30  93.40  97.53  96.96  87.61  87.13  91.26  90.20  89.66  89.15  94.46  90.54  91.54  93.39  89.78  91.33  92.96  89.96  92.96  63.51  79.86   0.00
 ITALIAN                       94.95  98.52  93.85 102.60 102.29  96.71  96.65  95.40  90.60  96.61  97.14  87.83  89.65  90.39  87.38  89.88  93.26  94.82  91.83  86.30  92.98  91.67  88.49  94.87  88.18  91.74  65.41  78.25  49.90   0.00
 PORTUGUESE                    95.52 100.00  93.95 102.45  98.63  97.59  94.53  94.47  95.63  98.46  99.07  93.21  96.20  94.85  96.56  96.16  93.17  96.79  97.01  93.53  94.20  90.18  89.18  93.22  86.13  96.03  72.74  78.74  55.01  65.86   0.00
 ROMANIAN                      94.94  96.17  93.03 102.50 100.85  94.47  94.82  94.39  93.83  98.86  98.24  86.76  89.87  89.80  87.24  87.74  92.20  92.97  94.12  88.17  93.11  90.33  87.63  89.95  88.46  92.91  64.18  78.89  68.92  55.78  72.52   0.00
 SPANISH                       97.16  98.69  95.79 102.63 101.71  97.11  97.52  98.45  94.50  96.76  97.03  92.44  89.64  92.49  91.82  94.14  90.06  93.81  95.35  92.98  92.63  94.12  92.94  95.50  89.78  96.31  72.12  84.03  54.82  57.26  67.96  73.71   0.00
 BELARUSIAN                    99.51  99.66  99.38 102.36  99.52  98.75  96.23  90.91  93.09  97.24  95.55  90.68  92.32  92.38  92.85  91.40  88.93  90.89  92.04  90.92  93.22  99.63  92.85  94.14  92.76  92.22  93.70  93.86  91.32  91.93  93.92  91.51  92.62   0.00
 BULGARIAN                     97.79  99.97  98.40  98.52  99.12  95.82  94.29  85.41  88.17  99.11  95.29  91.48  90.50  95.00  92.33  90.65  90.10  93.95  92.70  92.10  94.69  95.95  89.05  97.41  91.34  97.11  90.78  91.67  91.53  86.98  91.05  86.09  93.80  61.82   0.00
 CROATIAN                      98.76 100.54 100.48  98.05  99.98  95.89  96.68  86.55  89.56 101.07  95.66  91.53  91.83  90.52  90.57  87.09  93.08  96.19  91.46  91.98  89.42  96.44  90.68  95.40  94.74  93.12  91.62  90.60  89.13  89.13  94.47  89.48  91.74  55.15  47.15   0.00
 CZECH                         99.43  98.91  98.39  99.28 100.39  96.01  94.36  89.86  91.15  98.47  95.37  91.00  92.73  94.36  93.29  90.78  93.38  97.02  90.65  92.92  93.25  97.34  93.17  97.83  96.85  94.62  89.85  92.27  92.20  90.60  95.30  90.89  90.16  52.01  54.11  43.72   0.00
 POLISH                        99.31 100.05  99.30 101.80 100.09  97.22  95.86  89.93  91.04  98.69  95.64  95.30  92.62  97.12  94.71  95.46  96.99  97.33  94.34  96.50  97.63  96.40  93.73  95.13  93.64  91.71  92.54  94.20  94.21  92.23  94.86  93.88  91.04  56.80  60.05  55.20  44.05   0.00
 RUSSIAN                       98.74 100.16 101.15  99.28 100.33  97.36  95.48  89.66  91.87  99.70  97.48  93.26  92.23  94.83  92.87  93.10  93.98  93.30  92.26  92.04  96.65  99.70  94.15  95.39  94.32  93.02  92.00  92.21  97.52  95.47  95.78  95.39  95.78  50.76  58.81  57.48  56.69  57.64   0.00
 SERBIAN                       98.57 100.59 100.00  97.55 100.27  96.29  96.33  87.09  89.81  99.71  96.29  92.33  91.93  91.30  90.78  87.39  92.17  95.41  90.52  91.56  88.22  95.48  88.26  94.95  92.39  93.93  93.03  91.21  90.44  89.77  94.74  90.81  90.76  54.88  47.98  19.60  43.86  53.57  52.99   0.00
 SLOVAK                       100.87  98.52 100.33  99.87  98.90  96.90  96.20  86.61  89.99  98.40  95.67  92.74  93.24  95.21  92.45  91.38  94.09  98.86  92.09  93.54  92.07  97.46  92.53  97.69  94.08  93.42  91.89  91.94  92.04  92.18  94.02  92.50  91.06  47.78  55.33  40.91  32.82  53.57  55.26  38.69   0.00
 SLOVENIAN                     98.45  99.83  97.94 100.83 100.12  95.17  95.04  83.40  86.70  99.50  94.93  92.47  91.83  91.70  90.84  89.87  90.94  94.63  88.92  89.75  91.61  96.98  91.15  96.72  94.47  93.61  89.98  90.51  90.12  88.53  93.72  89.32  90.68  53.85  40.24  28.36  35.68  46.38  51.63  34.19  44.25   0.00
 UKRAINIAN                     98.83  98.71  99.78  99.49 100.89  95.90  96.74  92.27  91.97 100.09  98.64  94.71  94.35  94.99  94.26  96.54  93.50  95.43  94.24  94.41  92.33  95.38  95.13  97.29  94.29  95.80  90.47  93.98  94.94  92.73  95.69  95.69  90.91  48.12  63.70  56.34  55.70  65.98  61.92  60.06  54.73  52.49   0.00
 ESTONIAN                     103.25 100.47 101.44  99.56  99.44  97.68  99.35  98.00  99.32  93.94  96.71  94.78  98.96 101.89 100.02 101.12 101.66 100.32  99.99  96.83  99.23  99.39  98.56  96.50  98.31 100.19 100.05  98.06  98.73  99.77  98.82  99.31  97.13  98.84  99.43  96.84  99.94  98.51  99.29  95.64  97.98  99.69  99.77   0.00
 FINNISH                       99.33  99.68 101.21 100.50  99.04 102.04 100.79  97.79 102.46 100.31  95.69  96.75  97.42 101.88 101.44 104.04 102.26 101.22 101.36  99.04  97.53 102.01  97.69  97.43  97.54 100.97 101.31  98.81 100.78 102.72  97.23 100.05  97.38 100.26 101.17 100.49  97.34  97.59 100.11  98.03  98.25  99.91 102.35  47.55   0.00
 HUNGARIAN                     96.63  97.50 100.02 101.02  97.43  99.76  96.25  97.41  99.35  97.18 100.55  98.02  99.30  98.53  98.33  96.19  98.19  99.19  99.18  98.33  97.73  97.94  98.48  98.85  97.98  98.86 100.11  96.93 100.09 101.14  98.06  99.81 101.97  93.14  94.31  94.37  94.31  96.19  97.67  96.75  96.13  93.93  96.06  89.18  85.04   0.00
 TURKISH                       95.57  99.70  99.71 100.01  99.52  96.71  95.85  98.32  99.47 100.26 100.20  97.62 101.64 101.94 101.96 101.07 100.04  98.47 101.18  99.77 100.71  99.70  98.27  96.20  97.14  98.64 100.01  98.71  98.64  98.33  99.17  97.29  98.51  95.98  97.13  98.00  99.07 100.69  98.25  97.57  99.35  98.96 100.01  96.82  95.79  94.16   0.00
 UYGHUR                       100.19 100.13 101.74  97.04 100.14  98.14  99.46  96.35  98.54 101.36  98.37  99.64  98.48  99.21  98.88  96.70  99.15  97.64  99.06  95.66  98.15  98.19  96.34 100.79  96.69  97.07  97.07 100.81  99.25  98.73  97.97  96.99  99.16  99.29  97.22  99.68  99.30 101.60 100.15  97.92 100.40  98.45  96.62 103.18 103.15  99.08  74.91   0.00
 JAPANESE                      99.59 100.70  98.44 101.13  99.65 101.29  99.76  99.59  98.13 102.21 100.43 100.37 102.10 103.55 101.93  98.34 100.61 100.98 100.23 100.09 101.18 100.90 101.53  98.53 102.06 101.60 102.21 102.94 100.79 100.01 101.95 103.02 101.04 101.03 101.37 104.34 101.37  98.44 100.12 103.14 100.79 101.59 105.24  94.91  96.75  99.01 100.79 100.74   0.00
 KOREAN                        95.21  93.94  98.38 101.19  99.13 100.15  97.79 101.33 101.54 100.79  96.79  97.86 101.39 101.47  99.45  98.83  97.96 101.51 101.15 104.68 101.59  99.50  99.97 102.06  99.47 100.77  99.65  99.93  98.56  98.98 101.05  96.35 102.11  98.19  98.15  96.73  99.26  98.41 100.08  97.46 100.61  96.10 100.55  99.10 101.92  99.15  98.29  98.05  99.19   0.00
 TELUGU                        97.97  99.23  96.83 102.85  96.66  99.27  97.92 100.43  95.13 100.07 100.91  97.79 102.23  98.81 103.79 101.69 102.27 101.24 100.69 101.06 103.14  98.15  97.75 104.16  99.34  98.47 100.77  98.47  99.85  98.62  98.77  98.43 102.81  98.57  98.88 101.77  98.69 100.98  97.27 100.72  99.06  99.54  99.64 100.13  99.95  97.38  99.24 100.84  97.28  98.78   0.00
 TAMIL                         96.56  99.57  99.35 100.15  97.52  98.99  99.27 101.64 100.36  99.78  97.05  93.70  94.86 101.24  96.92 100.59  96.57 100.86  99.65  99.67 101.53 101.02  97.44  98.17  97.51  97.17 101.33  96.87  97.03 100.25  99.95  98.51 100.65  98.19  96.45  97.45  96.51 100.77  97.33  98.25  96.85  97.41  99.16  98.61  99.74 101.86  99.43  99.51 101.22  97.86  80.91   0.00
 CHINESE                       98.96 102.77  99.66 104.74 101.27 101.75  97.95  94.76  99.03 100.10 100.35 100.69 100.25 101.56 100.14 102.30  99.90 102.42 101.79 102.35 100.88 102.88 102.83 101.81 100.17 100.93 100.50 101.86 101.71 100.25 101.76 101.05  98.66 101.81  99.81 100.65 102.01 102.23 100.28 101.15 102.64 100.94  97.08  97.94  98.58 101.43 101.63  99.35  98.40  95.91 100.28  99.49   0.00
 VIETNAMESE                   100.79  98.91  97.86  96.50  96.92  97.72  92.97 100.13  98.28  98.40  97.78  95.87 100.66 101.31 100.55 103.10 100.18 100.42  99.36  94.98  99.48  96.09 104.59 102.09 106.09 102.19 101.33 102.42  96.99 102.33  98.02 103.86  99.02 101.00 102.06 100.15 100.12 100.70 101.43 100.53  97.62 101.00  99.70  99.22  95.47 100.26  97.80 101.70 100.43 100.94  95.44  98.60 101.31   0.00
 INDONESIAN                    97.10  99.78 102.74  99.40  98.81 100.89  99.56 100.85  97.16  99.29  98.45  96.92 102.41 100.57 101.46 100.24 101.06  99.00 102.98 102.53 101.40  98.65  99.71  98.30 101.16  98.82  99.06  98.99  98.42  97.82 100.25  94.42  97.62  97.21  99.59  94.91  95.35  95.83  98.41  95.38  97.23  96.09  99.71 104.93 101.36  97.53 101.62 102.07  99.26  97.76  99.65 100.56 100.62  95.77   0.00

 LDND                          ARABI  HEBRE  MALTE  WOLOF  BASQU  ARMEN  WESTE  LATVI  LITHU  SCOTT  IRISH  WELSH  AFRIK  DANIS  DUTCH  ENGLI  FAROE  ICELA  NORWE  GERMA  SWEDI  GREEK  HINDI  MARAT  URDU   PERSI  CATAL  FRENC  GALIC  ITALI  PORTU  ROMAN  SPANI  BELAR  BULGA  CROAT  CZECH  POLIS  RUSSI  SERBI  SLOVA  SLOVE  UKRAI  ESTON  FINNI  HUNGA  TURKI  UYGHU  JAPAN  KOREA  TELUG  TAMIL  CHINE  VIETN  INDON
