 2 SYNONYMS, AT LEAST 28 WORDS, DATE > 1700
 LOANWORDS EXCLUDED

 LDND                          ar     he     sw     yo     eu     af     nl     en     de     el     bn     fi     hi     mr     ur     fa     fr     it     pt     es     bg     ru     et     hu     kk     tr     ja     ko     ka     te     ml     ta     my     zh     th     vi     tl     jv     id     ms   

 ar                             0.00
 he                            82.35   0.00
 sw                            98.02  94.25   0.00
 yo                            99.84  97.90 100.87   0.00
 eu                           100.76 100.44 100.32 102.09   0.00
 af                            99.79  99.80 102.11  99.63 100.79   0.00
 nl                            99.47  98.63 102.36 101.46 101.57  34.10   0.00
 en                            96.52  96.88  97.26  99.36 101.42  59.39  61.13   0.00
 de                           101.11  99.59 101.09 103.64 101.54  59.50  48.83  67.33   0.00
 el                           100.29  99.68 102.22 103.04  97.52  95.72  96.12  96.26  96.75   0.00
 bn                            98.15  96.92  98.14  97.00  98.90  90.75  91.03  95.88  91.17  98.32   0.00
 fi                           101.19  97.43  98.76 100.87  99.65  93.62  92.12  97.59  90.76  99.72  74.81   0.00
 hi                            97.47  96.52  97.27  98.99 102.75  92.49  91.22  96.06  93.98  96.01  62.20  74.70   0.00
 mr                            98.67  99.09  97.53  97.56 103.49  94.21  92.42  95.05  95.24  99.45  69.85  76.22  64.72   0.00
 ur                            92.76  96.55  97.41  98.35 100.92  91.22  92.46  95.03  94.01  94.89  60.19  78.42  47.72  65.31   0.00
 fa                            97.69  99.16 100.75  99.58 101.14  93.60  92.37  95.34  92.89  98.91  87.15  91.65  81.77  91.65  78.87   0.00
 fr                            96.78  93.05 101.70 102.08 100.55  90.90  92.96  91.35  95.73  95.36  94.98  92.33  91.32  96.18  92.49  94.31   0.00
 it                            94.95  98.52 100.78 101.77 102.29  89.65  87.38  89.88  86.30  91.67  92.58  93.60  88.49  94.87  88.18  91.74  78.25   0.00
 pt                            95.52 100.00 103.56 100.90  98.63  96.20  96.56  96.16  93.53  90.18  89.38  93.94  89.18  93.22  86.13  96.03  78.74  65.86   0.00
 es                            97.16  98.69  99.60 100.52 101.71  89.64  91.82  94.14  92.98  94.12  96.61  95.29  92.94  95.50  89.78  96.31  84.03  57.26  67.96   0.00
 bg                            97.79  99.97  98.78 100.93  99.12  90.50  92.33  90.65  92.10  95.95  93.10  96.30  89.05  97.41  91.34  97.11  91.67  86.98  91.05  93.80   0.00
 ru                            98.74 100.16 100.06 101.02 100.33  92.23  92.87  93.10  92.04  99.70  97.63  96.91  94.15  95.39  94.32  93.02  92.21  95.47  95.78  95.78  58.81   0.00
 et                           103.25 100.47 103.48 100.71  99.44  98.96 100.02 101.12  96.83  99.39  99.11  98.80  98.56  96.50  98.31 100.19  98.06  99.77  98.82  97.13  99.43  99.29   0.00
 hu                            96.63  97.50  99.44  99.81  97.43  99.30  98.33  96.19  98.33  97.94  97.86  99.05  98.48  98.85  97.98  98.86  96.93 101.14  98.06 101.97  94.31  97.67  89.18   0.00
 kk                           100.61  99.89  99.97 100.81 100.77  98.42 100.27  99.40  99.23 100.91  99.54  95.15  97.49  99.64  99.64  97.41 101.76 100.93 100.42 101.82  97.97 100.61 101.32  96.43   0.00
 tr                            95.57  99.70  99.80 102.26  99.52 101.64 101.96 101.07  99.77  99.70  97.24  95.12  98.27  96.20  97.14  98.64  98.71  98.33  99.17  98.51  97.13  98.25  96.82  94.16  72.81   0.00
 ja                            99.59 100.70 100.73  98.42  99.65 102.10 101.93  98.34 100.09 100.90  97.81 101.20 101.53  98.53 102.06 101.60 102.94 100.01 101.95 101.04 101.37 100.12  94.91  99.01  97.72 100.79   0.00
 ko                            95.21  93.94  99.98 100.76  99.13 101.39  99.45  98.83 104.68  99.50 100.17 101.66  99.97 102.06  99.47 100.77  99.93  98.98 101.05 102.11  98.15 100.08  99.10  99.15 100.25  98.29  99.19   0.00
 ka                           100.57  99.12  98.87  97.63  98.31 101.18 100.65 100.46 101.44  97.75  98.75  97.87  96.87  99.73  97.09 100.27 101.01 101.14  98.60  99.72  99.02 100.43  99.17 103.08  96.83  97.56 101.57  98.87   0.00
 te                            97.97  99.23  98.11  95.56  96.66 102.23 103.79 101.69 101.06  98.15  98.46 100.41  97.75 104.16  99.34  98.47  98.47  98.62  98.77 102.81  98.88  97.27 100.13  97.38  99.28  99.24  97.28  98.78  98.40   0.00
 ml                            96.60  98.27 101.31  97.76  99.49  96.08  96.82 100.58  99.66  99.41  99.16  99.76  98.11 100.95  98.28  95.50  93.56  96.48  95.59  97.31  93.45  95.89  95.42  98.50 102.50  98.07  98.50  99.63 100.01  79.19   0.00
 ta                            96.56  99.57  99.54  99.72  97.52  94.86  96.92 100.59  99.67 101.02  99.54  97.59  97.44  98.17  97.51  97.17  96.87 100.25  99.95 100.65  96.45  97.33  98.61 101.86 101.75  99.43 101.22  97.86  99.36  80.91  34.84   0.00
 my                           100.37  97.06 102.97  98.72 101.15 101.07  99.96 102.49  99.23 102.87  96.26  99.61  98.76 100.52 100.93  98.78 100.47 100.01 100.52  99.60  98.44  99.97  97.74 100.44  98.60 100.19  95.84 100.68  98.69  96.49  94.57  97.21   0.00
 zh                            98.96 102.77  99.93  97.78 101.27 100.25 100.14 102.30 102.35 102.88 101.62  98.80 102.83 101.81 100.17 100.93 101.86 100.25 101.76  98.66  99.81 100.28  97.94 101.43  99.61 101.63  98.40  95.91  99.43 100.28  99.62  99.49 100.79   0.00
 th                            98.63 101.47  96.41  98.80  99.27  98.74  96.95  98.97  95.45  99.05 102.54  96.64  97.67 101.74 101.61  98.19  98.81 100.06  97.50  95.23 101.50 102.24  98.65  99.63  97.71  97.37 102.84 103.65 101.05  98.74  96.92 101.10 101.82  99.06   0.00
 vi                           100.79  98.91  98.68  99.56  96.92 100.66 100.55 103.10  94.98  96.09  97.87  99.35 104.59 102.09 106.09 102.19 102.42 102.33  98.02  99.02 102.06 101.43  99.22 100.26  99.30  97.80 100.43 100.94  99.42  95.44  98.96  98.60 100.14 101.31  98.14   0.00
 tl                           100.84 101.80  98.74  99.00  99.84  99.32 100.03 102.73 100.07  98.56 100.15  97.73  96.42  99.70  99.32  96.05 101.89  99.19  99.96  96.76 102.73 101.10 103.01  96.55 102.48 101.37 100.59 101.79 100.88  97.44 102.48 100.37  98.44  94.68  96.64  96.07   0.00
 jv                            96.73  99.31  97.57  99.62 100.35 101.23 102.60 101.59 103.52  99.49  98.48  97.97  97.06  99.76  98.75  97.96  98.76  99.40  98.03  98.01 101.69 100.81 100.67 100.05 102.28 100.11  95.79 103.70  95.20 101.27  98.46 101.73  96.70 100.57  96.81  96.62  83.44   0.00
 id                            97.10  99.78  97.80  99.99  98.81 102.41 101.46 100.24 102.53  98.65  99.64  97.59  99.71  98.30 101.16  98.82  98.99  97.82 100.25  97.62  99.59  98.41 104.93  97.53 101.54 101.62  99.26  97.76  98.54  99.65 100.67 100.56  98.31 100.62  99.63  95.77  71.37  72.71   0.00
 ms                            97.57  99.42  99.45 100.11  98.43 102.96 103.03 101.26 103.09  98.77 100.20  97.14 100.16  99.38 101.25  99.22  99.14  97.95 100.76  98.63  99.72  98.81 105.47  98.61 101.70 102.19  99.63  97.91  98.53 100.03 103.23 102.20  97.53 101.41 100.47  94.59  73.49  75.65  14.90   0.00

 LDND                          ar     he     sw     yo     eu     af     nl     en     de     el     bn     fi     hi     mr     ur     fa     fr     it     pt     es     bg     ru     et     hu     kk     tr     ja     ko     ka     te     ml     ta     my     zh     th     vi     tl     jv     id     ms   
