 2 SYNONYMS, AT LEAST 28 WORDS, DATE >    0
 LOANWORDS EXCLUDED

 LDND                          AKKAD  ASSYR  HEBRE  MALTE  STAND  BAMBA  YORUB  WOLOF  BASQU  ALBAN  ARMEN  WESTE  LATVI  LITHU  BRETO  GAELI  IRISH  MANX   WELSH  AFRIK  DANIS  DUTCH  ENGLI  FAROE  GOTHI  ICELA  NORTH  NORWE  STAND  SWEDI  GREEK  GREEK  BHOJP  HINDI  MARAT  SANSK  URDU   KURDI  PERSI  CATAL  FRENC  GALIC  ITALI  LATIN  PORTU  ROMAN  SPANI  BELAR  BULGA  CROAT  CZECH  OLD_C  POLIS  RUSSI  SERBO  SLOVA  SLOVE  UKRAI  UPPER  ESTON  FINNI  KAREL  ERZYA  MOKSH  KOMI_  KOMI_  SKOLT  HUNGA  KAZAK  OLD_T  TURKI  UYGHU  JAPAN  KOREA  TELUG  TAMIL  CANTO  MANDA  OLD_C  THAI   VIETN  TAGAL  INDON  WARLP  KICHE  APURI  MUNDU  GUAJA  TUPIN  KAAPO

 AKKADIAN                       0.00
 ASSYRIAN_NEO_ARAMAIC          52.34   0.00
 HEBREW                        83.12  89.45   0.00
 MALTESE                       85.68  91.88  86.23   0.00
 STANDARD_ARABIC               84.49  90.89  78.11  70.91   0.00
 BAMBARA                       95.19  95.95  95.89  98.28  95.02   0.00
 YORUBA                        99.81 101.11  97.90  97.77 100.10  99.75   0.00
 WOLOF                         97.05 100.44  98.08  98.68  98.30 101.38  96.62   0.00
 BASQUE                        99.10  99.99 100.44  99.41  99.66  96.06 102.09  96.62   0.00
 ALBANIAN                      99.74  99.31  95.58  97.76  97.18  95.24  99.69  99.56  98.41   0.00
 ARMENIAN                     100.42 101.70 101.87  99.43  98.34  98.22 100.07  97.41  98.87  97.41   0.00
 WESTERN_ARMENIAN              99.68 100.69 102.70  98.77  98.84  94.97  98.88 101.05  98.00  97.33  55.43   0.00
 LATVIAN                      100.11  97.46 101.95 101.43 101.09  97.25  98.34 103.46 100.26  95.81  99.24  92.70   0.00
 LITHUANIAN                    96.49  97.22  99.55 100.15  99.69  97.30 102.77 102.39  98.79  94.87  96.05  95.00  64.95   0.00
 BRETON                        97.09 101.22  96.61 100.22  96.86  99.82 101.49  99.72  99.41  95.75  91.66  92.93  95.99  93.62   0.00
 GAELIC_SCOTTISH              100.65 101.61 100.50 100.15  99.72  99.52  98.86  97.87  99.05  97.83  96.58  98.51  97.58  98.23  96.69   0.00
 IRISH                         98.91 100.39 101.97 100.73  99.77  98.13  98.35  95.29  99.59  98.02  96.70  96.68  97.47  97.58  91.38  69.29   0.00
 MANX                         100.30 101.24 101.92 101.46 101.15  97.14  99.38  98.04  99.03  95.75  95.94  95.52  99.67  98.16  93.14  80.56  74.00   0.00
 WELSH                         92.76  96.49  96.41  99.54 100.25  99.82 100.63 102.35  98.04  98.84  97.77  95.51  96.16  94.64  57.40  93.78  90.20  93.70   0.00
 AFRIKAANS                     99.59  98.27  99.80 101.23  99.64  99.77  99.63 102.04 100.79  99.12  95.20  98.05  96.45  94.18  94.19  99.28  97.83  94.21  93.26   0.00
 DANISH                        99.19  99.79  96.90 100.03  98.53  98.50 100.93 101.28 102.96  95.13  93.92  96.49  95.69  95.92  90.97  96.32  96.06  97.98  94.47  71.05   0.00
 DUTCH                         98.77  97.20  98.63  99.82 100.11 101.36 101.46 103.13 101.57  98.89  95.48  99.06  96.05  93.83  90.42  99.13 100.24  95.56  93.12  34.10  66.68   0.00
 ENGLISH                       99.93  99.43  96.88 101.56  97.76 101.23  99.36  99.25 101.42  96.56  97.09  99.28  96.68  95.53  90.48  96.66  96.44  97.21  91.53  59.39  68.05  61.13   0.00
 FAROESE                      100.27  99.34  99.54 100.16  99.28 101.36 101.82 100.13 101.50  95.78  99.06  99.67  95.22  97.89  90.56  99.41  97.44 101.60  93.43  71.05  68.29  70.81  66.71   0.00
 GOTHIC                       100.12  99.25  96.55  99.35 100.31  97.26 103.44 103.69  97.53  94.80  99.06  98.89  90.87  89.98  93.76  96.35  96.76  97.48  93.57  67.12  74.23  68.73  72.11  75.47   0.00
 ICELANDIC                    100.20 101.30  99.59  99.69  99.32  99.60 102.13 103.11  98.74  96.61  96.50  99.07  96.83  97.14  91.47  98.15  99.60 100.87  95.77  75.45  66.13  72.94  76.79  61.25  77.45   0.00
 NORTHERN_LOW_SAXON            98.55  99.98  97.93  99.83  99.73  98.10 101.48 104.61 101.94  96.12  94.81  98.55  92.24  94.48  94.10  97.24  96.46  96.06  95.68  47.38  61.48  38.66  56.97  70.95  68.48  70.43   0.00
 NORWEGIAN_BOKMAAL            100.29 101.07  98.35  99.80  98.39 100.03 101.12  97.89 100.95  97.73  94.57  97.75  97.11  96.79  88.15  96.26  98.65 100.90  92.51  66.11  47.34  62.60  62.03  60.55  73.40  66.02  61.78   0.00
 STANDARD_GERMAN              100.83 101.81  99.59 102.27  99.26 101.02 103.64  99.97 101.54  95.68  94.81  96.83  93.66  93.37  91.50  96.19  97.75  96.61  96.26  59.50  67.52  48.83  67.33  74.06  66.62  70.90  44.61  64.38   0.00
 SWEDISH                       98.95  99.92  98.15 100.19  97.84 101.16 103.23 100.05 100.52  96.34  95.22  97.63  96.37  96.59  92.12  98.02  99.41  98.15  94.04  71.85  52.43  68.10  64.26  67.92  76.47  69.82  62.63  48.23  69.79   0.00
 GREEK                        100.04  98.55  99.68 101.12  98.93  98.35 103.04 100.50  97.52  97.75  94.90  95.44  97.73  97.04  95.24 100.16  99.85  97.68  95.20  95.72  98.29  96.12  96.26 100.36  94.62 102.70  96.01  98.61  96.75  97.06   0.00
 GREEK_ANCIENT                 99.17  98.73  99.25  98.75  99.38 100.21 102.40 100.97 102.53  98.25  95.02  92.83  95.78  93.96  93.84 101.20  96.69  96.99  92.06  90.90  99.18  90.37  96.73  96.36  94.89  98.24  95.18  99.55  94.57  98.19  71.74   0.00
 BHOJPURI                     102.13  96.22  94.77  99.65  96.41  93.90  96.13 100.53 101.44  93.96  92.81  88.15  92.05  86.13  99.40  97.13  95.23  93.05  98.02  93.33  91.43  93.16  96.28  94.81  93.61  94.59  90.88  96.87  92.67  93.54  96.14  99.21   0.00
 HINDI                         98.60  98.68  96.52 100.83  97.57  95.30  98.99 100.71 102.75  92.64  96.42  94.24  95.35  90.35  96.27  99.03 100.01  96.07  94.28  92.49  91.98  91.22  96.06  96.17  92.18  95.51  89.34  96.18  93.98  92.46  96.01  94.96  50.73   0.00
 MARATHI                      100.52  97.23  99.09 100.67 100.05 100.34  97.56 100.35 103.49  98.29  99.62 100.42  97.88  95.34  97.02  99.72 101.30  98.53  96.37  94.21  93.08  92.42  95.05  96.74  95.09  93.55  92.61  94.08  95.24  93.04  99.45  98.39  69.07  64.72   0.00
 SANSKRIT                     100.98  99.58 101.22 101.03 100.71 100.10  98.70  98.99 101.35  97.32  97.63  98.34  97.76  93.99  97.92 100.12 100.49  99.50 100.45  92.06  94.79  91.61  93.81  93.82  94.97  92.50  90.72  96.11  93.61  94.42  95.69  94.92  83.93  82.08  83.87   0.00
 URDU                          98.51  97.83  96.55  99.18  96.44  94.94  98.35 104.08 100.92  96.42  93.05  89.36  96.05  93.02  95.41  97.55  97.83  97.38  94.09  91.22  93.07  92.46  95.03  94.61  94.40  94.19  90.99  94.90  94.01  90.04  94.89  97.51  47.96  47.72  65.31  82.75   0.00
 KURDISH_KURMANJI             100.77  96.75 101.10  98.47  96.59  98.65  98.58  99.19 101.52  97.04  91.14  89.89  94.62  93.30  97.41 100.01  97.50  93.59  97.89  93.35  98.06  90.39  93.06  97.78  95.13  95.49  95.37  97.21  93.82  97.79  93.65  94.12  83.77  83.72  87.56  91.25  79.07   0.00
 PERSIAN                       96.59  97.91  99.16  98.60  97.46  98.66  99.58  99.79 101.14  97.06  98.00  95.97  95.38  93.77  98.22  98.50  98.25  97.45  97.71  93.60  96.82  92.37  95.34  97.92  98.35  98.67  91.92  99.73  92.89  98.46  98.91  95.20  87.95  81.77  91.65  89.82  78.87  79.40   0.00
 CATALAN                       96.89  98.94  95.66  95.00  96.92  94.31 102.61 103.25 101.60  91.55  97.07  94.94  95.80  93.33  91.34  96.25  95.75  93.23  90.30  92.35  89.42  89.69  87.09  94.76  90.53  95.45  88.35  91.06  88.44  91.78  89.80  93.07  91.47  89.00  92.46  95.08  90.31  88.96  92.22   0.00
 FRENCH                        96.56  98.79  93.05  97.28  97.30  94.91 102.08  95.35 100.55  91.45  95.80  95.73  96.56  94.41  88.12  99.26  99.86  95.22  89.70  90.90  94.15  92.96  91.35  91.61  95.05  92.24  92.73  94.31  95.73  94.85  95.36  93.53  93.92  91.32  96.18  92.19  92.49  90.90  94.31  75.45   0.00
 GALICIAN                      94.13  96.30  97.53  96.95  97.19  95.22 102.77 101.88  98.91  93.25  98.58  95.55  95.30  93.40  87.16  97.53  96.96  94.00  87.61  87.13  91.26  90.20  89.66  89.15  92.17  94.46  89.67  90.54  91.54  93.39  89.78  90.28  89.57  91.33  92.96  94.38  89.96  93.39  92.96  63.51  79.86   0.00
 ITALIAN                       95.64  97.10  98.52  93.85  97.27  97.80 101.77 102.60 102.29  90.32  96.71  96.65  95.40  90.60  89.28  96.61  97.14  97.63  87.83  89.65  90.39  87.38  89.88  93.26  89.01  94.82  85.47  91.83  86.30  92.98  91.67  93.45  87.45  88.49  94.87  93.05  88.18  89.86  91.74  65.41  78.25  49.90   0.00
 LATIN                         95.67  96.10  98.15  97.43  98.40  99.52 101.82 103.83  98.71  93.62  98.82  96.22  90.06  87.79  87.53  97.31  93.38  95.52  87.56  90.19  91.09  89.89  88.79  89.11  83.81  90.94  88.20  89.22  89.38  91.07  92.22  87.53  90.08  87.69  94.17  91.96  88.79  88.26  88.97  69.58  81.49  62.99  63.34   0.00
 PORTUGUESE                    98.19  98.21 100.00  93.95  97.54  95.16 100.90 102.45  98.63  90.43  97.59  94.53  94.47  95.63  91.68  98.46  99.07  97.20  93.21  96.20  94.85  96.56  96.16  93.17  95.42  96.79  95.18  97.01  93.53  94.20  90.18  94.08  88.70  89.18  93.22  92.82  86.13  93.23  96.03  72.74  78.74  55.01  65.86  74.17   0.00
 ROMANIAN                      96.76  96.99  96.17  93.03  94.51  96.54 100.03 102.50 100.85  90.41  94.47  94.82  94.39  93.83  91.35  98.86  98.24  96.37  86.76  89.87  89.80  87.24  87.74  92.20  88.58  92.97  86.37  94.12  88.17  93.11  90.33  94.04  85.92  87.63  89.95  91.30  88.46  89.76  92.91  64.18  78.89  68.92  55.78  66.90  72.52   0.00
 SPANISH                       97.85  99.24  98.69  95.79  98.49  99.85 100.52 102.63 101.71  94.96  97.11  97.52  98.45  94.50  90.20  96.76  97.03  96.97  92.44  89.64  92.49  91.82  94.14  90.06  92.85  93.81  91.23  95.35  92.98  92.63  94.12  95.05  93.76  92.94  95.50  95.73  89.78  91.73  96.31  72.12  84.03  54.82  57.26  73.64  67.96  73.71   0.00
 BELARUSIAN                    98.73  98.38  99.66  99.38  99.11 100.78 101.70 102.36  99.52  95.73  98.75  96.23  90.91  93.09  93.12  97.24  95.55  94.96  90.68  92.32  92.38  92.85  91.40  88.93  92.48  90.89  89.32  92.04  90.92  93.22  99.63  95.15  92.12  92.85  94.14  94.58  92.76  94.46  92.22  93.70  93.86  91.32  91.93  92.26  93.92  91.51  92.62   0.00
 BULGARIAN                     95.45  95.94  99.97  98.40  98.42 101.19 100.93  98.52  99.12  96.13  95.82  94.29  85.41  88.17  91.26  99.11  95.29  95.91  91.48  90.50  95.00  92.33  90.65  90.10  88.44  93.95  86.38  92.70  92.10  94.69  95.95  94.84  90.83  89.05  97.41  91.36  91.34  93.55  97.11  90.78  91.67  91.53  86.98  89.57  91.05  86.09  93.80  61.82   0.00
 CROATIAN                      95.55  97.12 100.54 100.48 100.13  97.66 103.35  98.05  99.98  98.17  95.89  96.68  86.55  89.56  88.84 101.07  95.66  95.27  91.53  91.83  90.52  90.57  87.09  93.08  93.52  96.19  86.78  91.46  91.98  89.42  96.44  94.47  91.76  90.68  95.40  93.08  94.74  93.89  93.12  91.62  90.60  89.13  89.13  86.32  94.47  89.48  91.74  55.15  47.15   0.00
 CZECH                         97.83  98.25  98.91  98.39  99.64 100.79 101.37  99.28 100.39  97.74  96.01  94.36  89.86  91.15  88.75  98.47  95.37  96.29  91.00  92.73  94.36  93.29  90.78  93.38  91.13  97.02  89.66  90.65  92.92  93.25  97.34  96.49  92.98  93.17  97.83  96.11  96.85  95.59  94.62  89.85  92.27  92.20  90.60  87.82  95.30  90.89  90.16  52.01  54.11  43.72   0.00
 OLD_CHURCH_SLAVONIC           98.27  97.18 100.97  99.88  99.75  99.70 102.64 101.74 100.63  99.57  96.12  95.08  87.60  86.95  93.08  99.12  96.25  95.84  92.49  93.65  96.62  92.39  93.78  94.48  93.47  96.26  91.55  92.72  92.14  94.86  97.33  93.79  90.12  90.94  96.41  91.39  94.01  93.39  94.80  92.91  93.19  89.84  87.45  84.80  93.05  89.78  95.39  64.00  47.75  43.97  47.75   0.00
 POLISH                        98.98  97.10 100.05  99.30  99.52  99.02 100.30 101.80 100.09  98.52  97.22  95.86  89.93  91.04  94.38  98.69  95.64  97.71  95.30  92.62  97.12  94.71  95.46  96.99  97.75  97.33  93.78  94.34  96.50  97.63  96.40  96.80  92.44  93.73  95.13  92.49  93.64  94.22  91.71  92.54  94.20  94.21  92.23  90.19  94.86  93.88  91.04  56.80  60.05  55.20  44.05  57.47   0.00
 RUSSIAN                       98.54  97.86 100.16 101.15  96.72  99.92 101.02  99.28 100.33  97.82  97.36  95.48  89.66  91.87  92.70  99.70  97.48  98.01  93.26  92.23  94.83  92.87  93.10  93.98  95.31  93.30  92.73  92.26  92.04  96.65  99.70  96.82  93.51  94.15  95.39  93.27  94.32  95.57  93.02  92.00  92.21  97.52  95.47  92.49  95.78  95.39  95.78  50.76  58.81  57.48  56.69  60.69  57.64   0.00
 SERBOCROATIAN                 96.97  96.77 100.59 100.00 100.15  97.45 102.24  97.55 100.27  98.41  96.29  96.33  87.09  89.81  89.60  99.71  96.29  97.69  92.33  91.93  91.30  90.78  87.39  92.17  91.58  95.41  86.91  90.52  91.56  88.22  95.48  95.65  90.80  88.26  94.95  91.89  92.39  95.65  93.93  93.03  91.21  90.44  89.77  87.96  94.74  90.81  90.76  54.88  47.98  19.60  43.86  45.56  53.57  52.99   0.00
 SLOVAK                        98.02  98.42  98.52 100.33 100.33  98.30 101.03  99.87  98.90  96.19  96.90  96.20  86.61  89.99  91.91  98.40  95.67  96.13  92.74  93.24  95.21  92.45  91.38  94.09  94.24  98.86  89.28  92.09  93.54  92.07  97.46  96.01  90.34  92.53  97.69  95.33  94.08  95.18  93.42  91.89  91.94  92.04  92.18  88.04  94.02  92.50  91.06  47.78  55.33  40.91  32.82  50.50  53.57  55.26  38.69   0.00
 SLOVENIAN                     94.70  95.55  99.83  97.94  98.99  98.68 102.34 100.83 100.12  97.89  95.17  95.04  83.40  86.70  89.23  99.50  94.93  95.74  92.47  91.83  91.70  90.84  89.87  90.94  91.73  94.63  88.23  88.92  89.75  91.61  96.98  94.02  92.72  91.15  96.72  93.07  94.47  91.46  93.61  89.98  90.51  90.12  88.53  86.23  93.72  89.32  90.68  53.85  40.24  28.36  35.68  39.20  46.38  51.63  34.19  44.25   0.00
 UKRAINIAN                    100.71 100.65  98.71  99.78  98.61 100.29 100.36  99.49 100.89  97.99  95.90  96.74  92.27  91.97  93.17 100.09  98.64  94.78  94.71  94.35  94.99  94.26  96.54  93.50  93.53  95.43  92.88  94.24  94.41  92.33  95.38  91.05  97.24  95.13  97.29  95.37  94.29  95.93  95.80  90.47  93.98  94.94  92.73  92.81  95.69  95.69  90.91  48.12  63.70  56.34  55.70  64.19  65.98  61.92  60.06  54.73  52.49   0.00
 UPPER_SORBIAN                 99.98 100.03  97.96  99.04  98.78 100.20 100.06 101.27 101.12  97.17  95.72  94.05  91.86  93.40  92.57  98.69  96.49  98.48  91.11  93.33  97.75  93.80  94.39  97.16  95.96  99.81  93.74  94.82  95.65  98.44  97.66  96.97  94.74  95.30  97.31  94.88  96.52  95.50  93.00  92.84  93.61  93.30  92.47  90.20  94.71  93.80  93.03  53.54  65.14  53.56  39.61  59.84  42.25  54.69  54.14  44.42  49.92  64.74   0.00
 ESTONIAN                     101.60  99.30 100.47 101.44 102.42  96.70 100.71  99.56  99.44  97.87  97.68  99.35  98.00  99.32  96.11  93.94  96.71  98.50  94.78  98.96 101.89 100.02 101.12 101.66 101.16 100.32 101.32  99.99  96.83  99.23  99.39  98.54  99.91  98.56  96.50  99.12  98.31  98.50 100.19 100.05  98.06  98.73  99.77  98.00  98.82  99.31  97.13  98.84  99.43  96.84  99.94  97.18  98.51  99.29  95.64  97.98  99.69  99.77  98.47   0.00
 FINNISH                      101.39 101.68  99.68 101.21  99.43 100.46 101.84 100.50  99.04 102.00 102.04 100.79  97.79 102.46  97.83 100.31  95.69 100.08  96.75  97.42 101.88 101.44 104.04 102.26  98.96 101.22 103.43 101.36  99.04  97.53 102.01 100.99  94.49  97.69  97.43  98.11  97.54  98.51 100.97 101.31  98.81 100.78 102.72  97.09  97.23 100.05  97.38 100.26 101.17 100.49  97.34  98.29  97.59 100.11  98.03  98.25  99.91 102.35  98.08  47.55   0.00
 KARELIAN                     101.22 101.62 100.30 100.87 101.00  95.21 101.69 102.14  97.85  99.00  98.97 102.70  98.54 100.73  97.49  98.95  96.67  99.19  93.84  97.65  99.23 100.17 104.36 101.06  95.16  99.52 100.06  98.83  94.61  96.39  98.46  99.65  94.36  97.26  96.11  99.15  97.35 101.55 100.00 102.08  99.35 101.64 102.36 101.40 101.72  99.67 100.47 100.64  99.75 100.08 100.56  98.26  99.80  99.97  97.92 101.42 100.70 101.59 101.64  43.18  33.07   0.00
 ERZYA                        103.05 101.00  99.67 101.32 101.51  97.55 101.31 100.38 100.72 102.57 100.34  96.54  98.47 101.55  96.76  96.46  98.87  99.62  98.11 103.68  98.47 103.83 101.28  98.51 100.08  99.95 100.26 100.45 101.08  98.39  97.07 100.48  97.87  98.25  96.43  99.92  97.12  98.39  95.90  96.36 100.18 100.41  97.86  97.86  96.30  98.24  99.07  97.57  96.55  95.11  96.64  94.88  96.22  97.97  95.41  97.33  97.07  97.00  96.46  85.85  84.38  85.64   0.00
 MOKSHA                        99.27 100.38  95.77 100.01 100.15 101.77 101.81  99.17  99.75 102.18 101.30 101.70 100.71 102.70  97.14  94.75  96.75  98.94  96.37 101.35 100.60 102.23  99.29 100.83 100.63  98.46  98.71 101.37 100.99  98.60  99.14 102.54  98.32  99.02  96.80  99.73  97.18 100.54  96.38  96.86  99.27  98.88  97.47  98.09  98.16  98.30  97.25  99.93  99.14  95.53  96.59  98.60  97.50  99.96  97.66  97.98  98.85  99.50  97.97  87.16  84.78  88.72  42.91   0.00
 KOMI_PERMYAK                  96.53  91.56  97.92  98.26  98.90  99.79 101.28 103.11 101.43  99.85 100.06 101.85  99.67  98.32  99.80 102.48  99.08  99.48  99.18  96.99  95.63  98.11 100.88  95.53 101.54  95.84  98.25  96.06  99.84  98.15 102.80  99.83  95.77  99.75  98.28  97.71 100.02 102.01 101.26 103.09 101.89  99.96  98.20 100.15  97.36  98.89  98.46  93.62  99.19  94.00  92.82  92.02  94.63  94.46  94.22  94.97  92.66  96.43  94.49  83.45  81.30  81.80  91.63  93.85   0.00
 KOMI_ZYRIAN                   97.82  95.43  99.16 100.05  99.47  99.20 102.65 105.35 101.69 100.55 100.16  99.75 101.11  98.73  99.05 102.13  99.63  99.95  98.73  96.99  97.83 100.11 101.08  97.25  99.97  98.25 100.01  98.18  98.12  99.73 102.81  99.91  96.69  98.81 102.81 102.00 100.75 101.60  99.90 101.93 101.32 100.17  97.69  99.31  98.90 100.26  97.89  94.65  98.46  94.65  93.46  93.37  92.29  94.33  94.80  96.39  93.38  97.48  93.37  84.09  80.50  81.09  90.90  92.41  22.34   0.00
 SKOLT_SAAMI                  100.53 101.37  98.95 101.90 100.29 101.98 101.59  99.09 102.17 100.12  96.86  94.72  99.26  98.79  96.39 101.42 101.17  97.23  92.87  97.48 100.13 100.53  99.60 100.36  97.26  99.30  98.23  99.68  97.01  99.17  96.38  97.58 100.67  98.32 100.06  98.38  99.29  96.90  93.97  98.80 102.95  99.51  99.40 100.54 100.62  99.17 100.91  97.88  98.92  96.79  98.77  96.41 100.43  98.59  97.54  98.85  99.10  95.22 100.15  84.56  87.05  85.07  84.42  85.84  90.44  88.41   0.00
 HUNGARIAN                     98.75  97.41  97.50 100.02  98.53  99.72  99.81 101.02  97.43  97.86  99.76  96.25  97.41  99.35  97.07  97.18 100.55  99.83  98.02  99.30  98.53  98.33  96.19  98.19  94.24  99.19  99.03  99.18  98.33  97.73  97.94  97.88  98.99  98.48  98.85 100.48  97.98  93.51  98.86 100.11  96.93 100.09 101.14  96.50  98.06  99.81 101.97  93.14  94.31  94.37  94.31  94.98  96.19  97.67  96.75  96.13  93.93  96.06  95.75  89.18  85.04  86.95  85.34  89.64  88.53  89.07  92.57   0.00
 KAZAKH                        97.16 102.21  99.89 101.99  98.30  99.49 100.81  97.01 100.77 100.89  99.34  97.05  99.64 103.33 100.38 100.74 100.46  95.84  99.85  98.42  99.66 100.27  99.40  98.21 101.50 100.72  96.66  99.37  99.23  99.66 100.91  99.88 101.26  97.49  99.64 102.70  99.64  99.45  97.41 100.17 101.76 101.68 100.93 101.01 100.42 101.82 101.82 100.27  97.97 100.33 101.58  97.37 101.53 100.61 102.27 102.83  98.55  98.96 100.58 101.32 101.19  99.41  95.57  96.92  98.48 101.23  96.73  96.43   0.00
 OLD_TURKIC                   102.40 103.64  99.91 105.26 101.20 102.37 100.41  99.88  99.85  99.79  96.34  98.28  98.60 100.43  98.85 100.04  96.51  99.11 100.77  99.11  99.75  99.30  96.36  98.97  98.77 102.26  96.77 101.17  98.65 100.88 100.85 100.38  99.27 100.92 102.39 100.78 100.16  98.74  95.49 100.63 104.03 102.26 102.56 103.64 100.12 101.44 101.84 101.01  99.86 101.08 100.86 101.42 101.20  99.24 100.67 101.01 100.33 100.02  99.43  98.07  98.24  97.29  95.20  97.68 102.67 103.35  94.84  98.92  49.61   0.00
 TURKISH                       94.73  97.69  99.70  99.71  95.18  96.21 102.26 100.01  99.52  97.39  96.71  95.85  98.32  99.47  97.92 100.26 100.20  97.64  97.62 101.64 101.94 101.96 101.07 100.04  99.90  98.47  99.28 101.18  99.77 100.71  99.70  99.44  95.87  98.27  96.20 101.47  97.14  97.11  98.64 100.01  98.71  98.64  98.33  98.72  99.17  97.29  98.51  95.98  97.13  98.00  99.07  97.73 100.69  98.25  97.57  99.35  98.96 100.01  99.18  96.82  95.79  93.70  96.11  98.09  97.20  99.06  99.74  94.16  72.81  73.60   0.00
 UYGHUR                        97.77 100.68 100.13 101.74  97.06  98.68 100.76  97.04 100.14  99.74  98.14  99.46  96.35  98.54 101.30 101.36  98.37  97.43  99.64  98.48  99.21  98.88  96.70  99.15  96.63  97.64  97.91  99.06  95.66  98.15  98.19  95.87  98.70  96.34 100.79  96.71  96.69  96.34  97.07  97.07 100.81  99.25  98.73  99.80  97.97  96.99  99.16  99.29  97.22  99.68  99.30  98.28 101.60 100.15  97.92 100.40  98.45  96.62 101.15 103.18 103.15 100.95  98.58  98.93 100.10 101.99  96.68  99.08  52.67  60.38  74.91   0.00
 JAPANESE                      98.27  97.94 100.70  98.44 100.09  96.62  98.42 101.13  99.65 101.56 101.29  99.76  99.59  98.13 101.50 102.21 100.43 101.29 100.37 102.10 103.55 101.93  98.34 100.61 105.96 100.98 102.58 100.23 100.09 101.18 100.90  99.87  98.89 101.53  98.53 100.39 102.06  98.28 101.60 102.21 102.94 100.79 100.01  99.98 101.95 103.02 101.04 101.03 101.37 104.34 101.37  98.34  98.44 100.12 103.14 100.79 101.59 105.24  99.85  94.91  96.75  98.06  98.92 100.98  95.38  96.77 100.92  99.01  97.72 102.41 100.79 100.74   0.00
 KOREAN                        95.72  95.88  93.94  98.38  96.31  95.71 100.76 101.19  99.13  98.31 100.15  97.79 101.33 101.54  97.67 100.79  96.79  98.94  97.86 101.39 101.47  99.45  98.83  97.96 100.93 101.51 101.09 101.15 104.68 101.59  99.50  98.65 100.58  99.97 102.06 101.08  99.47  99.75 100.77  99.65  99.93  98.56  98.98 100.80 101.05  96.35 102.11  98.19  98.15  96.73  99.26  99.92  98.41 100.08  97.46 100.61  96.10 100.55 101.76  99.10 101.92 100.22  97.98  97.76 101.34  99.52 103.22  99.15 100.25 104.70  98.29  98.05  99.19   0.00
 TELUGU                       102.76 103.89  99.23  96.83  97.83  96.53  95.56 102.85  96.66  99.58  99.27  97.92 100.43  95.13 101.51 100.07 100.91 102.69  97.79 102.23  98.81 103.79 101.69 102.27 101.27 101.24 102.71 100.69 101.06 103.14  98.15  96.82  98.24  97.75 104.16  98.20  99.34  99.42  98.47 100.77  98.47  99.85  98.62  99.90  98.77  98.43 102.81  98.57  98.88 101.77  98.69  98.22 100.98  97.27 100.72  99.06  99.54  99.64  96.81 100.13  99.95  98.98 100.98 100.70  97.40  97.00  98.46  97.38  99.28 102.72  99.24 100.84  97.28  98.78   0.00
 TAMIL                         97.66 101.66  99.57  99.35  98.19  98.26  99.72 100.15  97.52 100.56  98.99  99.27 101.64 100.36 101.97  99.78  97.05  98.79  93.70  94.86 101.24  96.92 100.59  96.57  98.16 100.86  99.46  99.65  99.67 101.53 101.02  98.23  96.76  97.44  98.17 102.97  97.51 100.49  97.17 101.33  96.87  97.03 100.25 100.02  99.95  98.51 100.65  98.19  96.45  97.45  96.51  98.14 100.77  97.33  98.25  96.85  97.41  99.16  98.89  98.61  99.74  97.71 100.32 101.37 100.75  99.28  94.95 101.86 101.75 102.56  99.43  99.51 101.22  97.86  80.91   0.00
 CANTONESE                     98.50 101.70  99.93  96.33 101.32 103.10 100.63 101.01  96.73 100.78  98.83  98.50 100.83 100.37  98.56 100.06 100.69 100.26  99.32 101.62 100.88 100.12  98.99 100.03 101.21 101.30  99.16 100.69 100.69  99.82  97.77 100.09 103.47 103.36 102.14  98.50 101.18 100.63 100.64  96.27  96.05 100.35  98.14  99.80 100.34  98.45  98.08 100.33  98.54  95.52 102.37 101.10 101.44 102.05  96.22 100.18 101.23  98.48 101.46  99.68 103.53  99.42  99.33  98.84  99.52 101.70  97.66 102.41 102.39 102.01 102.24 100.79 101.47  95.73  98.76 100.25   0.00
 MANDARIN                     100.69 101.11 102.77  99.66 100.92 101.42  97.78 104.74 101.27 100.97 101.75  97.95  94.76  99.03 100.26 100.10 100.35 101.40 100.69 100.25 101.56 100.14 102.30  99.90 100.16 102.42 102.94 101.79 102.35 100.88 102.88  98.54 101.76 102.83 101.81 102.70 100.17 101.27 100.93 100.50 101.86 101.71 100.25 104.07 101.76 101.05  98.66 101.81  99.81 100.65 102.01 101.48 102.23 100.28 101.15 102.64 100.94  97.08 101.20  97.94  98.58  99.36  98.98  98.82  96.05  98.65 100.77 101.43  99.61 100.60 101.63  99.35  98.40  95.91 100.28  99.49  79.30   0.00
 OLD_CHINESE                   98.66 102.14  97.60 101.24  98.89 103.32 100.19  98.91  97.29  99.45  98.35  97.00  96.83  99.31 100.98 101.49 100.35 101.31  98.61 100.91 101.48  96.86 102.20  99.83 100.94  99.49  98.50 100.07 100.16  98.85  98.89  94.06  99.44  96.43 103.32 102.64 105.09  98.71  99.08 101.90 100.30 100.28 102.05  98.35 100.56  97.91 101.53  98.35  97.90  97.82  97.64  99.53  96.68 100.08  98.26  97.79  98.62  98.60  97.92  95.43  96.59  97.96 100.68  97.17 100.36 101.69  98.85 100.81  98.04  98.20  99.79  99.41  98.62  97.60  99.20  99.61  87.82  95.29   0.00
 THAI                         101.39 100.44 101.47  99.37  98.23  96.21  98.80 102.67  99.27 100.79  99.01  98.97 100.26 100.61  98.58 103.49 100.60  97.87 104.73  98.74 100.35  96.95  98.97 100.40  99.08  97.61  95.43  99.79  95.45 100.99  99.05 100.91 100.18  97.67 101.74 100.45 101.61  98.96  98.19 100.39  98.81  99.37 100.06  98.45  97.50 100.80  95.23  99.59 101.50  99.63 100.45 102.43 100.87 102.24 100.16 102.54  99.89 101.23 101.11  98.65  95.71  99.23 101.79 102.70  97.68  99.68  96.70  99.63  97.71 100.03  97.37 101.13 102.84 103.65  98.74 101.10  99.75  99.06  94.48   0.00
 VIETNAMESE                   100.81 101.13  98.91  97.86 100.08 101.09  99.56  96.50  96.92 100.85  97.72  92.97 100.13  98.28  99.91  98.40  97.78  98.31  95.87 100.66 101.31 100.55 103.10 100.18 103.05 100.42 103.96  99.36  94.98  99.48  96.09  99.08 100.90 104.59 102.09 102.50 106.09 101.61 102.19 101.33 102.42  96.99 102.33 100.93  98.02 103.86  99.02 101.00 102.06 100.15 100.12  99.16 100.70 101.43 100.53  97.62 101.00  99.70  98.34  99.22  95.47  99.71  97.61  96.01 104.72 102.97  96.55 100.26  99.30  99.33  97.80 101.70 100.43 100.94  95.44  98.60  98.56 101.31  94.42  98.14   0.00
 TAGALOG                       99.58  98.15 101.80 100.43  99.82  98.02  99.00 100.02  99.84 101.70 100.93 100.14  97.00  97.45  99.37  97.00  97.42  99.22  99.40  99.32  99.91 100.03 102.73 102.85 100.76 100.87  99.94 101.64 100.07 101.13  98.56  94.96  96.29  96.42  99.70  97.70  99.32  97.28  96.05 100.33 101.89  98.96  99.19  99.45  99.96  98.14  96.76  98.32 102.73  96.18  99.23  93.79  98.98 101.10  97.51  99.60  99.76 101.10  99.27 103.01  98.03 100.93 100.71  99.44  99.91 100.24  99.04  96.55 102.48 100.94 101.37 100.70 100.59 101.79  97.44 100.37  94.97  94.68  96.03  96.64  96.07   0.00
 INDONESIAN                    96.96  96.20  99.78 102.74  98.63  95.39  99.99  99.40  98.81 100.49 100.89  99.56 100.85  97.16  97.78  99.29  98.45 100.43  96.92 102.41 100.57 101.46 100.24 101.06 101.42  99.00 100.95 102.98 102.53 101.40  98.65  96.74  95.13  99.71  98.30  99.98 101.16  98.02  98.82  99.06  98.99  98.42  97.82  89.68 100.25  94.42  97.62  97.21  99.59  94.91  95.35  93.99  95.83  98.41  95.38  97.23  96.09  99.71  96.22 104.93 101.36 102.85  99.50  99.21 100.91 100.28 101.06  97.53 101.54 104.67 101.62 102.07  99.26  97.76  99.65 100.56  99.07 100.62  98.87  99.63  95.77  71.37   0.00
 WARLPIRI                      97.71  95.48 100.53 100.99 101.31  97.27 102.87 100.54  97.69 100.62 100.46 101.26  99.49  98.65  99.60 100.20 100.69 102.21 100.37 101.06  98.68 101.42  98.87  98.68 101.07  97.64 100.16 100.14 100.48  98.31  99.03  99.34 103.15 100.69 101.27 101.17 100.54 100.84 100.40  98.21  96.95 100.32  96.42  97.65  98.00 100.19  96.79  96.29 100.96  96.54  98.42  99.09  99.67  97.93  97.15  98.78  97.62 100.00  99.51 100.67 102.29 102.99  98.49  97.12  99.94  99.57  99.70  99.65  99.48  99.67  97.70 100.69 101.62  96.75 100.20  99.28  97.81  98.85  98.54  99.75  98.39  96.35  96.55   0.00
 KICHE                         97.96  97.38  98.34  99.35  99.65 102.35 101.21 101.03 101.18 101.61 103.48 103.83  99.02 100.00 100.98  99.88 101.16 101.04  99.96 100.28  98.09  98.26 100.87 101.92 101.27  99.76  96.93 102.02  98.40 101.42  99.23 101.40  98.69 100.03 101.85 101.42 101.05  97.74  98.47 100.31  99.11 101.97  96.97  98.82 101.39  99.14  99.54  99.88 100.72 102.53  99.88 101.10  98.79  98.75 101.86  98.60 100.76  99.41 100.23 101.22 100.34 100.13  98.53  96.51 102.18 101.69  99.38 103.05  99.00 101.06 100.71 101.96  99.53 101.55 100.27 101.73  99.45  99.64  96.17 101.91 101.29 100.61  96.94 100.48   0.00
 APURINA                      101.36 100.99  99.62  99.67  99.72  98.50  88.26  98.25  97.68 101.22 101.10  99.03 100.59 100.25  99.41 101.03  98.30  98.05  98.45 101.73  99.64 103.39 103.17 100.26 102.39 101.34 101.38  99.70 100.94 100.15  99.21 100.84  96.13  98.87  99.36 102.84 102.68  99.24 100.74  99.14  99.08  99.95 101.33  98.65 100.64  98.85  96.62  98.18  96.06  96.18  99.18  96.91  98.26  99.15  96.75  98.25  97.54  95.52  98.27  99.93  98.82 101.68  99.80  99.26  97.49  97.03  99.20  97.70 100.32 100.91  98.31  99.34 100.57  98.33  97.96  97.91  97.79  97.69  96.71 102.76  97.30 101.75  99.39 100.51 102.28   0.00
 MUNDURUKU                     97.07  96.90 102.72  98.80 100.35  99.98 100.29  99.51  99.05 102.37 101.09 102.47 101.22 102.01  97.72  97.86  98.76  95.68  95.70 101.82 102.82 100.95  99.69 101.49  99.15 100.77 100.57 102.44 100.94  99.86  97.34  99.37 100.39 104.08 102.48 100.75 101.36 101.03 101.05 101.50 100.28 100.72  99.88 101.44 101.79  99.79 100.96 102.08 102.31 101.47 101.39 100.56 101.13 101.78 100.84 103.58 101.71 102.68 101.17 100.01  99.76 100.27  98.20  96.24 102.89 102.85  99.32  99.38  99.02 100.29 101.80  99.81 101.88 100.06 101.04 102.55 100.37  98.68 101.78  96.64  99.32 100.03  97.13 101.54  98.35 100.43   0.00
 GUAJAJARA                     97.46 100.76 103.05  98.24  98.95  99.10  99.40  95.44  98.26  99.82  99.20  99.83  99.62 100.23  99.38  99.80  99.69  95.01 100.39 103.13 100.86 100.35 100.31 100.23  99.52 100.00 101.03  99.62  98.91  99.93  99.92 100.51 100.09  97.75 100.41  99.33  98.69 101.78  95.98 100.06 100.50 101.35 100.67  99.69  98.39  98.26  99.49 100.13  99.92 100.53 101.70 100.40 103.84 102.28 100.60 100.70 100.71 100.32 101.82  98.50  92.09  94.75 103.03 102.24  95.72  96.02  99.49  99.04  93.21  99.24 100.13  97.34 100.34 101.14 101.53 100.81  99.17  98.95  97.04  97.26  98.32  99.97  95.85 100.56  99.52 102.09  92.79   0.00
 TUPINAMBA                    102.69 103.84 102.90 100.37 100.75  96.09  99.22 101.87  99.86  98.81 100.45 101.14  97.87  99.05 100.43  99.98 101.60  95.04 101.00  99.90 100.02  97.51 100.85 101.42  98.60 100.97  99.23 100.61  97.99  99.50  95.98  99.30  99.21  95.87 100.07 100.89  98.64 101.62  96.53  99.37  99.81 100.93  99.39 102.10  99.84  97.15 101.20 101.24 101.08 102.17 103.20 102.79 103.28 101.46 102.03 102.53 101.79 100.44 101.24 100.11  96.14  96.73 100.73 103.11  99.56  98.72 100.19  99.79  95.81  99.20  97.93  96.01 100.70 101.35 103.12 100.89 101.04  99.22  97.72  97.96  99.09 100.27  99.37 102.59  98.62 102.49  88.98  54.57   0.00
 KAAPOR                        96.91  99.80 105.62  99.22 100.58  99.07  97.22  99.72  96.99 101.24 102.27 102.16  99.93 100.71 100.13  99.91 101.87  96.40 100.72 100.52  99.11  98.95  98.00  99.84 100.61 100.23 101.39  97.91 100.22  97.83  96.55 100.70 100.36  96.74 102.18  97.83  96.47 102.07 101.03 102.83 102.08  99.49  99.28 100.78  97.52 101.75  98.76 101.78 100.09 101.43 102.93 101.25 101.43 103.51 100.73 100.68 102.13 102.83 101.50 100.06  96.75  99.01 102.47 103.71  98.39  96.52 100.36  99.58  97.27 101.77 100.32  97.32 102.26 101.96 100.98 101.17  99.54  99.62  99.99  97.40  98.28  99.71  99.10 101.32  99.54  97.44  95.03  48.21  53.99   0.00

 LDND                          AKKAD  ASSYR  HEBRE  MALTE  STAND  BAMBA  YORUB  WOLOF  BASQU  ALBAN  ARMEN  WESTE  LATVI  LITHU  BRETO  GAELI  IRISH  MANX   WELSH  AFRIK  DANIS  DUTCH  ENGLI  FAROE  GOTHI  ICELA  NORTH  NORWE  STAND  SWEDI  GREEK  GREEK  BHOJP  HINDI  MARAT  SANSK  URDU   KURDI  PERSI  CATAL  FRENC  GALIC  ITALI  LATIN  PORTU  ROMAN  SPANI  BELAR  BULGA  CROAT  CZECH  OLD_C  POLIS  RUSSI  SERBO  SLOVA  SLOVE  UKRAI  UPPER  ESTON  FINNI  KAREL  ERZYA  MOKSH  KOMI_  KOMI_  SKOLT  HUNGA  KAZAK  OLD_T  TURKI  UYGHU  JAPAN  KOREA  TELUG  TAMIL  CANTO  MANDA  OLD_C  THAI   VIETN  TAGAL  INDON  WARLP  KICHE  APURI  MUNDU  GUAJA  TUPIN  KAAPO
